14421
8305
17225
4864
28036
29654
29987
2108
30546
17479
22254
8619
27361
605
18877
11328
7578
937
18215
21162
8832
26855
14778
25788
5423
20662
8043
25449
14247
31683
4789
19110
20837
1340
3267
17291
10083
19324
14982
13110
6691
31833
7283
19242
16715
21477
6020
20131
11264
26752
12001
30591
30260
4942
2526
374
5018
12076
26646
13951
29715
1870
15305
31338
1252
2092
7019
9529
16700
19231
24814
27467
7108
16884
11889
3061
30813
17694
12138
694
27351
19960
21755
31391
1114
32363
20369
19883
8183
6927
20094
22876
21168
29056
13572
4965
20766
6293
5163
11158
